643695638
408328330
319145546
53724468
287840013
38278923
908835457
662181645
85597251
961654960
163059467
704942822
736125670
312796122
163059468
434256397
163059468
833754893
377821005
163059468
745368674
273975557
251792300
961654951
405568548
704001608
495807585
981138260
283054383
606723624
562357209
578994618
443819605
509630453
161493993
662181487
828555704
448272142
947906950
667570432
5187143
329433526
765018539
163059441
994929763
249327503
838062792
10347729
583836189
499487889
188015577
349593888
562357382
749580441
590878473
662181644
828555704
2627340
606723624
163059480
20453125
828555722
511652734
302882865
939471743
92034904
274293386
400909339
558197857
305665811
140310362
116382811
891714675
507327423
163059474
878467921
912718735
647921011
163059468
983162878
640428624
596160196
762006079
828555706
163059468
828555704
179643848
943908412
639074136
542384938
828555704
163059472
225449742
669464312
563809681
717639665
961654951
911742732
300384088
416848509
170061964
305665805
920451082
422606465
578994615
163059468
730254247
318035738
348310542
745368674
662181645
38278923
773414456
536910196
540520614
377959292
287840014
828555710
650744476
163059468
852323433
305665805
872922124
163059468
163059420
846547765
717639665
468644481
849784667
362549164
786962193
318341923
163059468
56104716
437022972
163059468
501254901
615228258
682978402
329433528
328594773
736527739
163059463
884013717
828555704
163059468
38278923
994554408
272674078
877671031
660431336
745368674
828555704
312796122
524923046
350230284
29960218
788013602
195530109
347919519
426367468
163059466
258228212
907476903
909538190
676836444
762006079
37701771
158705414
178657044
762006087
615733678
662181641
950940642
301704517
163059467
163059484
622181962
918836834
434339262
357495748
998043163
895105325
621527729
307630486
412620557
378027887
85226294
136561783
379981992
495807586
79872439
198001517
319876704
329433526
417690581
717161104
412620556
163059342
228159716
448053814
703775159
863661796
610831629
994929763
592859120
52143443
266439600
60126177
410177893
6048313
163059552
132537125
846229814
511652734
606723624
107601448
562357210
43764896
287840013
654158966
661203855
628743840
163059468
994929763
20453131
495807584
557096144
606723624
439475949
889429391
687384538
12261756
662181658
163059444
103673172
640341707
994929768
768923298
592859116
812348972
287840012
163059468
412620560
456856786
329433526
716974262
245795201
590878476
495807609
233878752
116844451
24414413
444148633
596160193
594228603
354792063
717639665
163059470
697732291
911742570
762006079
545103603
152319760
963780509
729724226
289695551
155064979
551043483
412620557
59900578
884013723
66718989
577670571
495807585
671218328
683945775
415591523
491087341
412620560
178867740
928193753
495807585
702440034
530638614
81342421
907913371
268482170
384891542
935240113
770970484
838197949
20453132
965863934
536008889
688692155
457578603
704493374
911742731
156884179
163059468
163059468
390335327
19844395
127235799
448272138
952447959
670267546
979565281
949176896
191604748
438116101
884013717
933832119
762006079
786962188
329433526
220550177
197948445
163059468
762006079
411122981
448272810
190247422
551482285
163059488
246657875
648819625
911742726
348463786
56251432
775340295
277144537
927340300
850315350
819348518
864042694
308357308
620588100
867057869
562357193
82953440
163059468
969504500
756546931
358170152
756876691
114995851
412620555
213895986
851947456
163059470
51335013
140745245
329433528
763385561
643695635
178657044
305665805
163059474
486680468
399363136
610709670
739114191
606723624
5717081
380977443
684364854
163059476
20453131
745368670
955415923
643695638
662181645
287840012
915499134
38278923
260215609
570860328
609754223
506899189
287840014
289270855
872997003
710027604
305665772
493737734
56104716
717639665
312796116
595656685
781611235
762006079
716121653
238720422
351790987
762006083
762006079
495807585
203950228
63235033
163059460
460570911
367621885
513949823
329433527
28154671
163059460
932264847
163059467
603430805
961654912
76503762
267777933
118494988
990491476
870149218
828555705
553656525
994929763
412620551
304245102
562357210
961654951
877946105
537401100
866013193
762006079
167515916
534229940
412620551
484021828
412620509
163059468
272890840
163059473
451507586
720705389
478392771
699146814
926749359
198617833
440349566
466429942
163059468
181056427
448272142
201129048
717639665
563809681
647392839
994929763
562357210
876091149
454214068
5238727
828156127
606723624
994929789
329433527
287840013
192232635
436316843
808555412
172610715
335595529
534819251
671987481
630303927
828555694
723500725
440349575
475125101
662181647
63235033
527831226
703775159
123129691
310947520
426485061
287554961
454214068
20453131
927340301
38278924
717639665
28579075
542017044
974133007
163059468
349465705
713112479
628677662
578928189
163059466
376968972
38278923
949106140
40620571
912092247
523055787
287840013
957923725
163057164
741274990
52916674
961654950
171972364
31972073
537401102
240700696
346536767
595632015
673929278
769356459
163059488
962196477
146806376
596160193
876091149
495807590
310947520
542255365
911743158
31785513
66932234
717639665
163059468
828555746
26096993
305665804
441844868
637784590
717639689
353577086
655084093
537401101
163059448
570717245
939471743
662181645
762006079
163059465
163059465
329433526
662181644
662181649
501240207
717346212
159760073
691879561
724297281
897878228
662181645
994929763
163059468
662181645
29960218
970179489
994929763
662181645
163059566
163059468
869756112
940617301
183856225
104199815
568453884
163059468
429257992
329433526
65693990
839449241
158442281
163059460
832779980
163059468
575033328
474281675
77205144
723424077
115835782
839430157
609364483
306539313
572845097
917401520
262883909
841865628
911742733
550287340
970827283
102227831
662181643
329433527
378548436
412620557
287840013
717639665
270956860
977882936
331887731
462188428
878862728
163059468
194246770
305665804
181545474
349159461
841865633
495022251
116638233
412620557
562357210
301704526
505845130
75241530
187865779
567041386
410450157
163059468
911742738
330769628
537594346
148095425
851443140
994929698
59653369
38278923
412620551
163059476
662181644
540646342
249185259
163059468
782653583
412620556
351137026
495807543
163059464
45590270
287840013
163059468
514522024
495807574
24414419
643599301
163059503
287840013
130966444
214904862
729534340
911742738
961654952
20453131
269560221
353480742
828555704
553047497
594708931
469541982
495807585
834649950
830668390
205447782
224712883
207732257
750158410
270014220
717639665
626598732
828555704
834497634
465747582
379175073
874098434
163059469
939471755
495807585
562357210
941106253
828555704
105721121
828555704
578994621
235192777
22183733
15171416
305665805
491887873
438500966
462532782
537401100
197554247
305665805
472039857
218156410
870149216
98886621
828555704
495807585
495807579
513169342
876091147
273975509
379048477
199817405
412620565
228058307
46374709
163059468
305665804
158633154
4056020
876091147
163059461
410043153
828555704
750525145
362708337
662456661
650492046
606723624
507226492
350921773
273975507
238506233
620588130
481775118
923626594
491796904
809326509
940164968
414323742
522333801
38278923
296158720
980829713
329433526
81287012
911742732
517017931
425080904
936698833
183911614
715951534
329433526
452634368
113147250
761590894
412620572
853203712
262883908
315180250
790527346
639148456
163059464
826178931
662181644
20453131
828555706
384891550
786707116
163059470
717639665
942193555
606235392
163059468
606723624
921725159
358514516
234362635
495807543
286938619
919565433
719589297
117814612
305665805
163059468
66553476
537401124
495807585
812959866
643187681
645004802
994724348
21169528
242468441
2567168
894577156
535875082
136445219
701582832
305665805
961654864
782340687
476793497
624246273
402198950
353274221
13322819
403974413
724059833
163059460
495807585
590878473
198676471
681002200
587741315
176998738
671265134
250405849
299603328
778289028
163059468
273975621
728731273
717639664
348530268
861830523
14713858
678833083
151912153
163059468
762006079
95625662
828555706
869225718
163059454
412620563
287840012
710129660
608922299
38278923
669539763
847569364
163059464
537401103
564295670
413036763
227490993
828555703
662181645
29901548
77377313
329433531
484609325
163059468
810174879
562357210
947263331
576488112
356315619
682978402
245458020
191175808
380732195
669465596
811918297
876091149
227988136
706553103
537401097
927085586
413682278
632251211
626530061
562357211
163059470
630491347
607228325
437500896
911742735
273975515
431114397
163059461
972159061
488931925
994622379
567866395
163059468
513185855
488181316
188015577
377959292
702806348
277144537
662181645
208636217
100669196
262883897
974133005
762006079
412620557
774229494
727737818
307876629
580666200
449333
355427612
993032111
828555704
825015693
77495667
606723624
362708337
762006079
580923060
170471782
728949390
329433528
571785911
899978609
917173619
323286171
423386428
661438940
287840013
163059466
842395362
468644481
717639665
470885193
365140681
677763221
78588245
73345707
706548059
163059464
35440328
866857881
756433416
715202349
24414410
305665805
395849915
490628142
107601448
911742733
179696874
640759019
43590454
20453131
163059472
163059483
121183475
14287612
976505017
36717344
856380459
933237462
762006079
20453131
495807591
818636381
850738912
780105591
951032201
373335463
143604937
323274244
218036423
828555705
541541306
44749026
74326637
944251262
351790041
772331547
906744911
204391239
810280938
885301277
762006079
495807585
963397361
899591787
409632570
412620556
157635456
961654952
163059465
828555706
163059469
954718042
356251747
687438532
526522915
828555704
316454043
412620557
163059468
310947520
578994669
36242730
403877836
723495538
217775617
864810871
563957596
287840013
225449740
599791351
146431901
863590669
936020731
163059475
458391493
448272139
812812242
245039289
692914439
527362001
163059468
273975501
206943773
562357206
49977708
511073110
287840013
717639665
402783803
340403838
606723624
566415431
163059342
448272154
114158712
911742726
762006079
958137424
590878479
412620557
876091149
273975508
562357210
235516777
781020251
717639665
928730420
969716503
954518743
24414419
606723624
282196575
952933500
731504169
305665811
163059468
163059468
305665805
88977924
202989575
937931242
993233932
390435462
238037762
38278923
405998509
662181645
836484210
647921011
163059470
828555703
334187070
683442979
529456197
982458736
685547652
305260813
622865014
924443481
163059460
764605218
38278925
976102362
427293194
795453380
662181644
189620881
412620557
287840013
6722350
10549914
701950741
64485407
163059468
180885268
621316190
305665805
412620556
754472067
828555706
103640161
576438387
856284713
728789217
612111962
335873396
59140836
587771231
732967355
911742732
878696347
345364409
684598312
762006079
1883999
479826795
440349566
315954772
685183799
163059465
295161885
682978402
788954607
956969119
163059463
745368674
562357210
374125597
911742732
482668175
112491528
762006079
707892352
879833050
273975557
695456456
176923973
720184101
695830451
416872613
516566566
98775036
161245639
662181644
365299326
628906833
522427436
163059476
412620563
894895478
908331249
770567848
287840013
122751760
307518634
537401103
814784168
384891541
717639664
239468295
17312021
452507964
502980846
312796117
754415820
662181642
32631529
163059468
209996263
40778799
655102499
595632015
515168926
662181645
312056838
163059468
90794480
828555703
353297348
249786612
371190563
615388941
606723624
717639665
779005616
495807574
930386021
607260936
163059465
277732202
24975010
100669196
723674132
496381735
163059468
965676924
305665805
290940437
436164046
712093862
305665805
406601061
801579390
508531897
462532782
149192584
762006079
155665061
176923973
830078361
652071181
81570133
915912212
642281829
163059465
762006087
287458754
696276689
336627994
762006079
614438447
911742732
388577189
156082434
321510778
768245107
737187566
762006084
994929763
994929763
911742732
163059468
223693569
578994618
163059468
537401097
163059468
194650762
537401100
662181645
828555704
662181645
592859112
828555704
775472554
301663514
305665805
521803534
908397394
167732703
762006079
261338353
258130358
828555701
917109674
562357214
911742731
709828886
677155603
590878476
371980077
977117371
707986195
643695639
86804691
569104360
158818314
662181646
181235469
38278923
606723624
223401234
933706414
94625426
590878473
828555704
828555698
728285155
537401100
495807588
36258509
955316898
562357238
745368674
939471747
159223803
754611680
890209166
160338594
828555700
955649914
231117583
662181645
210735536
779163885
703859231
191127457
709685649
733484813
616308650
38139350
237003494
305665804
537401101
893513936
984635522
163059468
163059468
709817421
685498989
47521927
537401124
329433526
497655980
117072662
828555704
911742732
828555690
762006079
222211456
220763991
606723624
762006051
76791437
913259484
895105325
454437185
163059466
329433526
662181645
145526141
506621772
420138655
662181645
656981377
492093879
956610701
163059472
662181644
163059460
817371334
548601336
508628389
384789650
828555703
163059476
495807585
543871202
495807584
722932932
329433526
578994621
879757438
32226103
514510940
543343031
163059476
856284713
762006079
7055368
163059468
38278916
635112849
38278924
789938081
639074136
786962188
551265605
163059468
163059468
163059472
1438953
717639665
45086538
20453131
163059469
606723624
871791137
590878473
163059476
546034590
954308405
656209903
884013720
16969109
680667652
728608367
782928236
828555704
74326637
641384887
329433526
42028873
424795902
38278923
924565767
516813725
351694162
163059468
590878476
163059462
146527558
207616211
562357210
923919579
873300956
163059468
329433526
893077436
163059480
873943130
430625737
929513539
788444463
163059468
547511625
229529806
15737643
325573797
955316900
448272140
163059468
540832257
642156549
318341923
717639665
662181657
113147250
882396315
305665803
251797102
38278924
288375736
199237429
8465134
320926754
135330458
163059468
495807559
762006075
329433526
828555701
828555703
163059468
329433526
41061009
655164422
354799315
533835937
697574871
163059467
329433526
822828509
305665805
419404469
838525643
38278923
20725279
362647033
31427508
858296766
91756292
163059468
134421976
717639665
782340685
412620557
754094693
562357220
386829644
121436387
38278923
934994912
305665805
127407877
662181644
329433547
515534680
650297782
581074292
376969035
412620554
911742729
287840013
927340301
139072898
163059468
795162863
391229606
612269427
305665787
808381984
425153236
933133684
214867183
384099289
722576185
662181637
163059576
503643582
829193967
402988954
192726679
506205965
697018419
163059468
955316898
511909684
849352458
991492306
662181652
163059484
619715762
606723624
656588791
761923532
191098097
705315662
376968972
733484813
762006079
646093907
20453131
133102092
462532769
29960218
669508920
630549801
853203712
291966544
920337649
344216807
828555700
662181645
542843365
163059468
974133007
643695639
562199741
762006087
910611985
772036298
163059468
671347468
103164807
412620574
445158120
552955355
762006079
121844029
412620560
163059468
634427394
163059467
371494942
911742731
966963268
163059468
233147900
656119230
183856225
911742732
717639665
914180821
934272847
662181613
163059468
3894953
163059448
412620558
304963836
697833226
989123136
163059472
822466167
866538224
828555704
427262081
600562591
703030259
163059476
163059414
733484813
163059468
131573638
828555704
879182839
205346707
89115442
621154167
639074136
163059468
304861496
649925392
685332806
454214063
928348847
311236364
221946458
371795853
343991257
163059483
911742731
290883622
6246892
204576547
579008454
895105325
468154568
153092563
475583861
305665805
310947520
651261187
163059428
20453131
163059470
895835396
791367874
850738951
362708337
561499893
601113594
165373945
312276297
384891546
592859112
313009275
578994617
20453133
662181647
290670235
939471743
762006079
114713573
804787976
524968161
954003229
305665805
149194963
809336376
994929763
163059456
860781196
993024979
20453132
757681738
100669196
828555706
953939099
815524070
442191814
216389813
94615521
495807587
786962189
7630551
662181645
590878477
163059469
961654949
163059476
519790252
559059509
986626054
193225
887536610
163059468
517835289
590878461
606852336
842301531
20453131
163059468
163059460
449178015
344884671
262486679
600957683
308673400
717639665
301209355
163059468
612269427
462532774
554807729
287840013
13322815
688812875
662181644
329433526
981109537
156368258
612269427
560508609
257418421
381512717
155708876
163059468
241547011
163059468
662181658
444627555
301975020
163059467
594915148
305665805
490608396
985502991
662181644
69726247
662181644
977531501
525537586
447278881
287840013
195896501
366405540
872922124
100669189
163059468
387629487
38278922
163059460
533424351
329433526
911742731
874811133
857321270
329433526
418658689
667652589
895105325
828555710
789183859
939471743
53876492
317549662
884013717
429976470
903628721
487685664
961654952
634542974
997808764
520803844
382197830
223487576
38278923
163059469
305665805
329433525
111470091
301704517
529635112
592859120
662181644
305665867
525829485
838223084
163059464
277353529
786962193
781020251
926552727
904794577
448272140
163059470
624452351
162080852
994929763
163059466
495807591
865527717
717639665
429038491
20453137
246246497
780953380
888247463
201504240
38278920
562357209
20453137
483095461
683106526
163059420
662181645
543668326
828555704
163059468
337752229
287840013
119232248
287840013
200869625
4824853
435177707
242994221
517790597
632751429
971629003
475010848
326038138
467274855
562357206
305665805
739765553
13096303
38278920
5391693
305665805
232381993
412620557
163059468
575564558
163866641
163059474
45064360
939471743
290227729
911742732
412620557
762006077
20453131
148597619
662181645
436300864
163059468
163059469
448272140
149119342
606723609
414105857
965106287
373029006
891765029
273975507
78997184
121279902
994929763
163059468
495807579
440349572
985913788
132994065
775238913
932824033
884671698
706542915
163059470
717639665
169766789
662181645
578994647
28508924
833754893
26091338
412620557
536317495
187539353
250177569
974751267
106671667
310947520
472461786
745368674
236769341
647208707
20823002
689432749
490579164
20453131
994929763
161071462
866626502
412620556
175288766
365531318
526399086
717639665
198711056
762006080
881320203
855718808
861830523
300059320
287840013
606723624
989609458
562357210
704014388
662181643
385519988
892014419
475010868
38278922
287840013
163059468
620588130
911742732
762337125
516522877
909644432
682298616
841865628
911742729
662181557
965737082
733484812
523040121
662181640
650332765
495807585
412620557
697536132
163059472
109604604
641606779
222569192
606723624
28449621
879682233
366105507
149194963
923626594
56104716
453251394
86016736
911742732
143195109
830041186
75645521
240446112
209830301
95527168
997841705
662182019
204690949
997059818
911742731
224367886
563152105
246246498
6082600
662181645
426485061
287840013
57399886
237003494
828555704
163059468
912596603
412620557
146000982
537401124
828555700
936698840
745368657
327056753
17747043
628550880
869472508
330872332
20453131
448272138
680667902
605629404
734841536
477896045
468395815
300384088
606723624
745368670
846703459
38278923
486041389
828555704
6670773
241464562
938912587
698062948
733484840
100371396
714092399
717639665
662181622
739966562
939471743
134771486
163059468
994929761
116707679
587374970
26348334
311648320
163059468
662181640
287840012
163059414
828555704
674926356
779259686
562357210
531828115
855175553
386332279
287840013
495807585
311463693
911742732
614516069
462532774
163059468
745368674
776043078
163212204
819600980
365214492
252085145
948043735
561468992
828555700
939133453
728731273
163059468
80542670
495807586
412620557
246246497
325905025
794218127
155665061
606723624
305665805
660937896
565826474
590878476
163059464
286867592
163059468
869400597
663778081
57121808
971266100
288201943
162013171
911742732
304881032
196233099
440797882
762006087
335023319
450712096
828555710
90834641
868962572
160096451
412620557
875137998
590878476
163059468
739822872
254533177
126087453
338269042
287122976
378553277
305665805
79272671
883840618
163059468
733484812
229609093
610926152
263430887
606723614
612269444
763783107
643695635
386468606
595477081
828555700
939471739
354019875
345216632
957271578
52143429
163059468
150077243
13791589
559188179
443139343
362708339
662181647
500182066
983885132
329694219
163059464
203703452
384891546
828555703
305665805
362708337
477437435
38278923
163059468
163059473
911742732
362708333
192726679
857311715
662181645
98886621
724592410
567368746
163059468
305665805
843835359
945017545
121465946
994929763
762006079
502243558
994929033
811320075
980284581
866428730
940302321
745368657
411175862
501006777
994552014
163059465
38278923
872922120
792131155
388775884
878944859
762006079
562357210
911742732
380583268
562357210
163059483
635154076
501470718
565445700
287774676
575913613
305665805
911742732
462532774
765175106
850738911
163059468
163059470
800712156
562357206
575856591
407831578
599791400
536310967
602989988
467770778
163059468
676442278
524923046
448395164
483923724
911715441
38278924
3084622
116882185
630480936
98380044
163059466
828555704
804898492
439512452
662181645
472039857
38278922
716268103
84320567
611367531
605596927
889350466
228262366
828555706
412620557
883648097
611450008
717639665
745368674
163059463
151556858
606723624
329433528
880818053
38278889
163059468
676030768
329433526
163059482
729405115
358238501
287840012
163059468
20453131
440349569
935757419
920985736
342930531
428949601
52143429
460395445
551265605
910576626
562357210
207154820
578994621
442567887
984234245
899858871
311378936
495807586
512150786
893669760
135734485
904612402
441148791
310947520
163059468
144573466
911742732
85071628
751284238
20453131
562357206
226900572
606723609
91395235
277623354
950567153
579858666
163059468
432096813
495807589
305665805
517545719
662181645
3208574
828555705
137332917
299452134
994929763
163059468
626527861
163059467
911742732
865336777
909010792
123669553
635112849
813500157
910873037
617924840
495807585
543343028
514819601
939973812
728229488
176337033
448272141
441308205
163059516
717639665
965258626
717639664
995942653
876091150
163059475
870149224
828555706
823634916
757812203
502609778
336559254
270014220
288757746
562357211
762006081
198386359
358307813
262883909
181308316
354670620
89287241
287840013
951915285
163059468
98690693
989829419
329433526
717249963
949344760
79872439
625986874
662181645
528327565
20453136
163059460
126087455
53409692
685843490
651488760
163059552
163059468
876091153
641588606
828555703
462532782
329433528
921675139
670773535
882130451
493207990
318341923
504711632
413589342
163059468
535371788
384693099
970963145
920985742
994929763
606723624
739250054
320719879
163059423
978262811
284093635
911742732
66007935
448272106
163059468
958448448
74162212
895105327
717639664
911742732
572257546
708249037
213535164
585482197
166057049
452824929
911742732
287840013
737049969
68032455
855622546
278589359
862726765
314080172
163059462
329433526
176923973
377393396
403377547
643695635
218553266
592859112
974092835
7777013
724565976
592081315
629110440
828555704
163059471
24414415
762006079
995965690
454214068
500773896
512319381
258598551
495807589
921416366
566115811
620588130
14716896
311772938
628906834
163059466
539189410
163059460
761228002
199861782
717639665
505831925
828555703
522427445
65643555
268352411
436098059
344278373
38278923
993914078
759787759
153487042
273975506
329433526
303751077
813766898
854290418
329433526
609509037
384891547
749239939
895679421
149435419
38278923
939471743
38278923
163059468
350421656
163059468
34919873
416581844
272242458
93883243
745368670
514741506
662181657
945017545
9423866
2947380
652718093
991602280
852607583
865527719
163059468
960393334
911742729
923626594
448272142
502173940
82083533
495807609
83205733
454214071
204139484
717639665
786962189
675011689
162983775
163059468
970018584
454214068
857914982
163059467
287840013
562357210
759809131
603263528
662181644
462532769
163059468
762006081
218517488
288533548
828555703
828555706
884396264
989038392
457995173
329433527
163059468
246246508
762006079
362708337
246246498
329433526
418977782
246167627
387745260
502824114
163059468
684364854
412620557
163059468
163059468
894710963
171591008
961654951
446752361
70372255
961654952
147461899
895105327
52143827
20453131
329433526
362708345
11787691
163059454
163059468
900359185
606723624
911742732
163059465
46550951
997537248
961654950
348447705
525338916
928560440
717639665
662181644
220102004
163059500
936698840
994929761
754611722
305665805
392293420
551265605
163059468
809913914
509389138
439249797
281296375
176707340
448050898
495807585
40908893
976623754
911742732
305665805
809755572
116811747
412620551
678907079
92856846
689957943
396063099
268693792
95254604
606040883
586753322
116468034
221502231
65721949
833522968
717639664
638413922
717639728
305665805
321768935
226797334
639228650
945023782
578994621
246246500
828555704
353804962
163059468
679743978
660365213
606723624
961654942
719722233
830475710
21684520
337286704
82953440
200031481
507829424
152515369
952699604
828555704
762006079
641384887
287840013
589900821
562357206
7767675
109593789
596032364
108377954
247460593
346114101
853707213
535778568
412620545
350489066
250518807
388235094
868828789
210594911
183856225
606723624
74044677
163059468
238891798
550133809
589094595
79872439
360454143
163059468
93736942
745368673
828555704
538118597
445114705
842644464
681681061
36150848
994929768
38278924
109582092
614646199
983045901
123076604
305665805
163059438
662181645
287840013
163059468
843628074
99282746
163059468
920740004
163059468
560646936
163059467
732143412
895944980
541667563
285870405
126087455
994758398
141751996
460291465
948375230
682390936
163059492
395379061
680924326
386293197
770412312
163059468
38278923
760027001
994929763
682704140
961654956
163059470
639568944
287840013
398641384
992235803
506899189
733484813
715582184
791069941
543343032
610684912
961654942
163059468
743200906
717639665
556589659
717639665
38278923
662181640
961654951
163059468
928168672
163059724
293240641
961654944
257416424
121087919
439129331
412620557
536126862
163059468
494536058
590305103
91756305
305665805
20453133
199419958
867944408
222332172
388838813
25367873
229608955
606723624
254829286
277144537
510944364
828555704
412620557
911742732
109129017
72795787
412620565
115524023
329433526
487589858
305665805
100884438
204139484
364574151
305665805
320812969
163059468
287840029
606723624
466339152
246888769
163059475
522593096
798825494
192051991
183374413
163059468
321429875
717639665
114741849
609368460
961654872
422204302
843342265
272063082
568117156
22356516
188015542
329433525
623036739
29960221
163059437
807699725
163059468
20813604
717639663
420032860
508685010
497179751
994929763
305665805
826178931
109582092
781020258
329433528
287840013
672391295
786962189
909153964
846791861
424413186
277830878
340112036
861486529
110420978
537401100
287840013
536812235
606723624
145233695
163059475
362708340
848610626
985785241
172826414
832665231
405936969
495807585
127418965
338803075
762006079
308636768
599791372
146327915
209491511
854053363
700607298
562357210
20453131
163059472
662181645
105416103
329433526
670419665
628906834
826627162
100669196
441968714
851567785
163059556
828555704
149333289
892700522
274150500
192665508
828555708
994929761
240121812
670560065
503571415
726140675
911742732
217722543
733484812
246437545
745932587
537401096
163059468
765526152
446751631
9624468
919745587
823936761
117096140
294996400
204139484
38278923
589001654
662181645
38278920
662181645
597338481
911742732
62972368
662181642
273975509
479646044
828555701
448272140
305665805
713112479
998077236
638149836
80351611
603184051
911742735
294117339
58707084
703775159
911742732
923626594
329433526
163059468
446644445
441468221
163059483
495807585
849394543
362708333
419058259
448272141
29960216
147445417
20453131
884737218
316887691
731504177
324104723
170564798
578994615
75970337
181588698
38278923
382377060
329124362
163059468
790527352
448272141
329433526
405471597
901864273
31676625
568309719
762006080
697536132
807758940
555226909
663803540
570882794
627930841
237003494
665709150
662181643
762006079
465012431
12261756
163059468
921725175
809596222
305665805
40017187
13322820
440349566
163059468
562357210
147780542
163059388
685936259
834497634
459679179
447777731
855064167
245167063
606723624
572235405
329433526
20453131
828555700
537401100
202554601
662181637
15171416
662181645
743783305
293660772
676080507
528869872
858711513
198711052
208811995
754611722
957965934
318320917
773097684
606723624
931456416
717904728
362708345
362708338
412620551
194254608
100669194
654758257
163064571
792864807
828555702
495807511
590558549
671284114
562357190
595087857
495807585
846310496
745368674
412620555
747303543
762080394
289742731
911742731
828555704
575476707
52538593
329433526
151746511
27304151
161417890
376968972
449952265
203006715
676442278
136707071
865527717
397007423
400736695
287840020
329433524
299915967
637853730
4483485
662181642
495807585
305665805
305665781
305665805
802939380
698548757
163059340
983838156
103640161
287840013
403377544
163059468
927270899
154198156
742986057
390053761
562357193
121465946
163059468
362708337
44647185
160419461
163059468
